0 0.5600961538461539 0.9447115384615384 0.2127403846153846 0.109375
2 0.8161057692307693 0.12259615384615384 0.17548076923076922 0.24519230769230768
1 0.6766826923076923 0.20793269230769232 0.1971153846153846 0.08653846153846154
0 0.38341346153846156 0.3425480769230769 0.19110576923076922 0.19230769230769232
0 0.6237980769230769 0.42908653846153844 0.06971153846153846 0.46274038461538464
2 0.6947115384615384 0.4423076923076923 0.0673076923076923 0.3485576923076923
2 0.7367788461538461 0.4795673076923077 0.056490384615384616 0.0733173076923077
0 0.8209134615384616 0.4795673076923077 0.06610576923076923 0.27524038461538464
0 0.49399038461538464 0.4831730769230769 0.22115384615384615 0.12740384615384615
1 0.6298076923076923 0.6754807692307693 0.12620192307692307 0.07211538461538461
0 0.7103365384615384 0.7331730769230769 0.1466346153846154 0.21514423076923078
2 0.6971153846153846 0.8725961538461539 0.17427884615384615 0.09134615384615384